0 0 0
0.7 0 0
0 1 0
0 0 1
1 0 1
0 1 1
1 1 0
1 0.25 0.5
1 0.7 0.25
0.5 1 0.25
0.25 1 0.7
0.6 0.25 1
0.25 0.6 1
1 0.5 0.5
0.5 1 0.5
0.5 0.5 1
1 0.5 1
0.5 1 1
1 1 0.5
0.5 0 0
0 0.5 0
0 0 0.5
0.5 0 0.5
0 0.5 0.5
0.5 0.5 0
0.65 0.95 0.05
0.35 0.05 0.35
0.65 0.35 0.65
0.95 0.95 0.65
0.95 0.65 0.05
0.05 0.35 0.35
0.65 0.65 0.35
0.35 0.95 0.05
0.05 0.35 0.65
0.95 0.95 0.35
0.65 0.65 0.65
0.95 0.95 0.05
0.65 0.35 0.05
0.35 0.65 0.05
0.95 0.65 0.95
0.95 0.35 0.65
0.05 0.65 0.95
0.65 0.95 0.65
0.95 0.35 0.95
0.05 0.05 0.95
0.65 0.05 0.95
0.65 0.05 0.65
0.35 0.35 0.95
0.95 0.95 0.95
0.05 0.35 0.95
0.65 0.95 0.95
